#age = 24
age <- 24
marks <- 78
marks1 <- 78
# subject_java <- 85
# subject.java <- 85
subject_1 <- 75
